[0, 0]
[1, 1]
[[1, 0], [], []]
[(0, 1), (0, 2)]
make_move([[1, 0], [], []], [1, 1], [])
candidate: 0, 1 for [[1, 0], [], []]
make_move([[1], [0], []], [1, 1], [(0, 1)])
candidate: 0, 2 for [[1], [0], []]
make_move([[], [0], [1]], [1, 1], [(0, 1), (0, 2)])
candidate: 1, 0 for [[], [0], [1]]
make_move([[0], [], [1]], [1, 1], [(0, 1), (0, 2), (1, 0)])
candidate: 0, 1 for [[0], [], [1]]
skipping
candidate: 0, 2 for [[0], [], [1]]
make_move([[], [], [1, 0]], [1, 1], [(0, 1), (0, 2), (1, 0), (0, 2)])
candidate: 2, 0 for [[], [], [1, 0]]
skipping
candidate: 2, 1 for [[], [], [1, 0]]
skipping
candidate: 2, 1 for [[0], [], [1]]
make_move([[0], [1], []], [1, 1], [(0, 1), (0, 2), (1, 0), (2, 1)])
candidate: 0, 1 for [[0], [1], []]
make_move([[], [1, 0], []], [1, 1], [(0, 1), (0, 2), (1, 0), (2, 1), (0, 1)])
0
